roadmap 
16
5
2012
4
0
15
5
2012
4
0
Test
16
5
2012
4
0
15
5
2012
4
0
Test
16
5
2012
4
0
15
5
2012
4
0
Test
16
5
2012
4
0
15
5
2012
4
0
Test
16
5
2012
4
0
15
5
2012
4
0
Test
16
5
2012
4
0
15
5
2012
4
0
Test
16
5
2012
4
0
15
5
2012
4
0
Test
16
5
2012
4
0
15
5
2012
4
0
Test
16
5
2012
4
0
15
5
2012
4
0
13
11
2012
17
0
13
11
2012
17
12
meeting 
0
21
11
2012
17
0
meeting boss at office 
20
11
2012
17
0
25
11
2012
17
47
ekdcj 
0
5
6
2013
17
0
ekdcj 
0
5
6
2013
17
0
